 ----------------------------------------------------------------
   ELASTIC, VERSION 1.0, Copyright (C) 2016, Y. Li, UCL.                         
   This program comes with ABSOLUTELY NO WARRANTY, see LICENSE.                  
 ----------------------------------------------------------------
 Working System            : Monoclinic
 Calculations Using Code   : vasp    
 Type of Calculations      : Static
 Number of Distortions     :    4
 Number of Applied Strains :    4
 Applied Strains are       : -0.020   -0.010    0.010    0.020   
 ----------------------------------------------------------------
 Stresses already collected! If else please remove stress.out & devt.dat.
 Checking consistence of stresses ... ...
   1.5611999999999999        1.5646000000000000        1.5701000000000001        0.0000000000000000        0.0000000000000000       -2.6400000000000000E-002
   44.120399999999997        15.256300000000000        17.134300000000000       0.21520000000000000        12.770400000000000       0.12570000000000001     
   15.374700000000001        46.130099999999999        15.454000000000001        17.343499999999999       0.63500000000000001       -2.6511999999999998     
   2.7930000000000001       -1.0460000000000000        1.5154000000000001        0.0000000000000000        0.0000000000000000        11.753200000000000     
   14.789199999999999        12.696600000000000        36.731099999999998        0.0000000000000000        0.0000000000000000        1.4288000000000001     
   20.986599999999999        6.8476999999999997        7.7901999999999996       -9.1000000000000004E-003   5.7926000000000002       0.45920000000000000     
   6.8475000000000001        21.158799999999999        7.1125999999999996        8.0184999999999995       0.20319999999999999       -1.3038000000000001     
   1.2113000000000000       -1.2921000000000000       0.50570000000000004        0.0000000000000000        0.0000000000000000        6.0145999999999997     
   6.9848999999999997        6.1131000000000002        16.871900000000000        0.0000000000000000        0.0000000000000000       0.71560000000000001     
  -20.064000000000000       -6.4766000000000004       -6.9953000000000003       -6.3899999999999998E-002  -5.8685999999999998       -1.3198000000000001     
  -6.7892000000000001       -20.533200000000001       -6.4307999999999996       -7.2191999999999998       -6.0199999999999997E-002  0.33679999999999999     
 -0.57850000000000001       0.71599999999999997      -0.62080000000000002        0.0000000000000000        0.0000000000000000       -6.9505999999999997     
  -8.0548999999999999       -7.5185000000000004       -15.569000000000001        0.0000000000000000        0.0000000000000000      -0.85380000000000000     
  -39.495500000000000       -12.040200000000000       -13.541700000000001      -0.43390000000000001       -12.163300000000000       -2.2412000000000001     
  -11.397900000000000       -38.733400000000003       -10.415500000000000       -13.877000000000001      -0.30420000000000003       -6.2399999999999997E-002
 -0.48809999999999998       0.87729999999999997       -1.0959000000000001        0.0000000000000000        0.0000000000000000       -14.081700000000000     
  -14.209899999999999       -12.638600000000000       -29.089200000000002        0.0000000000000000        0.0000000000000000       -1.2031000000000001     
 No. of stresses correct!
 Elastic Stiffness Constant Matrix : 
   208.28240000000000        67.549599999999998        74.587750000000000        0.0000000000000000        7.4323999999999995        0.0000000000000000     
   67.549599999999998        211.41900000000001        64.792200000000008        0.0000000000000000       -6.3364499999999984        0.0000000000000000     
   74.587750000000000        64.792200000000008        164.08150000000001        0.0000000000000000        6.5911500000000007        0.0000000000000000     
   0.0000000000000000        0.0000000000000000        0.0000000000000000        61.528599999999997        0.0000000000000000        1.7474000000000001     
   7.4323999999999995       -6.3364499999999984        6.5911500000000007        0.0000000000000000        64.634999999999991        0.0000000000000000     
   0.0000000000000000        0.0000000000000000        0.0000000000000000        1.7474000000000001        0.0000000000000000        77.678700000000006     
 Deviation of Elastic Stiffness Constant : 
   0.0000000000000000        0.0000000000000000        0.0000000000000000        0.0000000000000000        0.0000000000000000        0.0000000000000000     
   0.0000000000000000        0.0000000000000000        0.0000000000000000        0.0000000000000000        0.0000000000000000        0.0000000000000000     
   0.0000000000000000        0.0000000000000000        0.0000000000000000        0.0000000000000000        0.0000000000000000        0.0000000000000000     
   0.0000000000000000        0.0000000000000000        0.0000000000000000        0.0000000000000000        0.0000000000000000        0.0000000000000000     
   0.0000000000000000        0.0000000000000000        0.0000000000000000        0.0000000000000000        0.0000000000000000        0.0000000000000000     
   0.0000000000000000        0.0000000000000000        0.0000000000000000        0.0000000000000000        0.0000000000000000        0.0000000000000000     
 Elastic Compliance Constant Matrix : 
   6.0258391041326798E-003  -1.2637334284205572E-003  -2.2164582630105033E-003   0.0000000000000000       -5.9077932017992558E-004  -0.0000000000000000     
  -1.2637334284205572E-003   5.6823646253619364E-003  -1.7045741888724812E-003   0.0000000000000000        8.7620787234090583E-004  -0.0000000000000000     
  -2.2164582630105033E-003  -1.7045741888724814E-003   7.8036240779816536E-003   0.0000000000000000       -7.0800961656487295E-004  -0.0000000000000000     
   0.0000000000000000        0.0000000000000000        0.0000000000000000        1.6262994255981416E-002   0.0000000000000000       -3.6583974967271498E-004
  -5.9077932017992548E-004   8.7620787234090572E-004  -7.0800961656487284E-004   0.0000000000000000        1.5697525383711945E-002  -0.0000000000000000     
   0.0000000000000000        0.0000000000000000        0.0000000000000000       -3.6583974967271498E-004   0.0000000000000000        1.2881771558723023E-002
 Born Mechanical Stability :  F
 Density (g/cm^3)          :   5.31270997
 Approx.  Bulk Modul(GPa)  Shear Modul(GPa)   Young's Modul(GPa)   Poisson's Ratio      Vs(km/s)        Vp(km/s)           Vd(km/s)
 Voigt :      110.8491           65.8920          164.9853            0.2519            3.5217            6.1157            3.9107
 Reuss :      109.3817           64.2912          161.2760            0.2543            3.4787            6.0600            3.8640
 Hill  :      110.1154           65.0916          163.1314            0.2531            3.5003            6.0879            3.8874
